year   clock  
1993   40.0   
1999   600.0  
1999   750.0  
2000   1000.0 
2001   1400.0 
2004   2600.0 
2005   2800.0 
2006   2600.0 
2006   2800.0 
2005   2200.0 
2006   2600.0 
2007   3100.0 
2007   3200.0 
2007   1600.0 
2008   2100.0 
2008   2500.0 
2002   1800.0 
2003   2167.0 
1996   75.0   
1996   90.0   
1997   233.0  
1998   300.0  
1998   333.0  
1998   400.0  
1998   500.0  
1999   450.0  
2003   1800.0 
2003   2000.0 
2006   2600.0 
2008   2100.0 
2008   2200.0 
2008   2300.0 
2006   1800.0 
2006   2000.0 
2006   2200.0 
2006   2400.0 
2006   2600.0 
2007   2800.0 
2007   3000.0 
2007   2000.0 
2008   2300.0 
2008   2700.0 
2009   2900.0 
2009   2600.0 
2007   2800.0 
2007   3000.0 
2007   2000.0 
2006   2800.0 
2007   3000.0 
2008   2500.0 
2009   2800.0 
2009   2600.0 
2009   2800.0 
2009   2500.0 
2009   2600.0 
2009   2600.0 
2009   2800.0 
2009   2800.0 
2009   3000.0 
2009   3200.0 
2008   2400.0 
2008   2400.0 
2008   2500.0 
2008   2600.0 
2008   2000.0 
2005   2200.0 
2007   2000.0 
1990   40.0   
1993   100.0  
1992   33.0   
1995   120.0  
1996   120.0  
1997   188.0  
2000   450.0  
1992   100.0  
1992   125.0  
1992   150.0  
1992   166.0  
1992   175.0  
1992   190.0  
1992   200.0  
1994   225.0  
1994   233.0  
1994   266.0  
1994   275.0  
1994   300.0  
1995   231.0  
1995   233.0  
1995   99.0   
1994   250.0  
1994   266.0  
1994   291.0  
1994   300.0  
1994   333.0  
1994   350.0  
1995   352.0  
1995   374.0  
1995   400.0  
1995   433.0  
1995   437.0  
1995   466.0  
1995   480.0  
1995   500.0  
1995   533.0  
1995   600.0  
1995   612.0  
1995   767.0  
1997   533.0  
1998   600.0  
1998   466.0  
1998   500.0  
1998   525.0  
1998   575.0  
1999   616.0  
1999   667.0  
1999   700.0  
1999   731.0  
1999   750.0  
1999   833.0  
2001   833.0  
2001   1000.0 
2001   1001.0 
2001   1224.0 
2001   1250.0 
2002   1000.0 
2002   1150.0 
2004   1300.0 
1995   110.0  
1994   60.0   
1994   70.0   
1994   85.0   
1999   272.0  
1998   360.0  
1999   450.0  
2008   2520.0 
2008   2750.0 
1996   170.0  
1995   101.0  
1995   118.0  
1994   120.0  
1996   132.0  
1996   160.0  
1996   180.0  
1995   160.0  
1995   180.0  
1998   440.0  
2000   440.0  
2000   500.0  
2000   550.0  
2000   552.0  
2001   750.0  
1997   160.0  
1996   77.0   
1998   200.0  
1998   222.0  
1998   375.0  
2001   1000.0 
2004   1900.0 
2007   3500.0 
2007   3800.0 
2007   4200.0 
2007   4700.0 
2007   5000.0 
2010   3550.0 
2010   3700.0 
1997   266.0  
1998   400.0  
1995   66.0   
1993   80.0   
1995   133.0  
1998   200.0  
1993   66.0   
1993   75.0   
1995   120.0  
1995   66.0   
1995   100.0  
1996   200.0  
1997   300.0  
1994   100.0  
1996   166.0  
1996   200.0  
1996   225.0  
1996   233.0  
1996   250.0  
1997   300.0  
1997   320.0  
1997   332.0  
1997   350.0  
1997   360.0  
1997   375.0  
1971   0.108  
1972   0.2    
1974   2.0    
1978   5.0    
1978   8.0    
1978   10.0   
1979   8.0    
1982   6.0    
1982   10.0   
1982   12.0   
1985   16.0   
1987   20.0   
1988   25.0   
1989   33.0   
1989   25.0   
1990   33.0   
1991   50.0   
1992   66.0   
1994   100.0  
2008   1600.0 
2008   1600.0 
2009   1667.0 
2010   1300.0 
2010   1300.0 
2008   1600.0 
2009   1666.0 
2009   1666.0 
2008   1330.0 
2008   1600.0 
1998   300.0  
2009   2400.0 
2009   2500.0 
2009   1200.0 
2007   2130.0 
2007   1800.0 
2007   2200.0 
2007   2400.0 
2006   1867.0 
2006   2133.0 
2006   2400.0 
2006   2667.0 
2007   2666.0 
2007   3000.0 
2008   2533.0 
2008   2666.0 
2008   2800.0 
2009   2930.0 
2009   3066.0 
2008   2667.0 
2008   3000.0 
2008   3166.0 
2008   3333.0 
2008   2266.0 
2008   2400.0 
2008   1400.0 
2008   1800.0 
2006   2167.0 
2006   1667.0 
2006   2000.0 
2006   2333.0 
2007   2400.0 
2007   2600.0 
2008   2533.0 
2008   2600.0 
2009   3066.0 
2006   2933.0 
2007   2800.0 
2008   2800.0 
2007   2400.0 
2007   2667.0 
2008   2333.0 
2008   2500.0 
2009   2666.0 
2008   2500.0 
2008   2666.0 
2008   2667.0 
2008   2833.0 
2008   3000.0 
2006   2667.0 
2007   2933.0 
2007   3000.0 
2008   2530.0 
2007   3000.0 
2008   3200.0 
2009   1400.0 
2006   1833.0 
2006   2167.0 
2006   2333.0 
2010   2130.0 
2010   2530.0 
2010   2933.0 
2010   3067.0 
2010   3200.0 
2010   3333.0 
2010   2530.0 
2010   2667.0 
2010   3200.0 
2010   3333.0 
2010   3333.0 
2010   3467.0 
2010   3600.0 
2009   2667.0 
2010   2400.0 
2009   1600.0 
2009   2800.0 
2009   2933.0 
2008   2667.0 
2008   2933.0 
2009   3060.0 
2008   3200.0 
2009   3333.0 
2010   2533.0 
2008   3200.0 
2009   3333.0 
2010   3333.0 
2011   3400.0 
2001   800.0  
2007   1400.0 
2007   1600.0 
2007   1666.0 
2002   1000.0 
2004   1600.0 
2007   1600.0 
2007   1800.0 
2007   2200.0 
2008   2500.0 
2008   2600.0 
2010   2800.0 
1994   100.0  
1995   120.0  
1995   133.0  
1996   166.0  
1996   200.0  
1993   60.0   
1993   66.0   
2009   1300.0 
2004   3600.0 
2005   3800.0 
2000   1500.0 
2001   2000.0 
2002   2200.0 
2002   2400.0 
2002   2533.0 
2002   3000.0 
2005   3733.0 
2005   2667.0 
2006   2800.0 
2006   3000.0 
2006   3000.0 
2006   3200.0 
2006   3400.0 
2006   3400.0 
2006   3600.0 
1997   300.0  
1998   333.0  
2000   1000.0 
1999   500.0  
1999   733.0  
1997   200.0  
1997   233.0  
1995   200.0  
2007   1860.0 
2007   2133.0 
2007   2400.0 
2007   2333.0 
2007   2660.0 
2007   2660.0 
2007   3000.0 
2006   1600.0 
2006   1866.0 
2006   2000.0 
2006   2333.0 
2006   2660.0 
2006   3000.0 
2006   2600.0 
2006   3000.0 
2006   3200.0 
2006   3400.0 
2008   3000.0 
2008   3166.0 
2007   1860.0 
2006   1600.0 
2006   1860.0 
2006   2000.0 
2006   2330.0 
2007   2000.0 
2007   2330.0 
2007   2500.0 
2007   2660.0 
2007   2830.0 
2007   3000.0 
2007   3000.0 
2009   1867.0 
2009   2000.0 
2009   2000.0 
2009   2130.0 
2010   2260.0 
2009   2260.0 
2009   2400.0 
2009   2530.0 
2010   2400.0 
2010   2530.0 
2010   2670.0 
2010   2533.0 
2009   3000.0 
2009   2833.0 
2010   2267.0 
2009   1867.0 
2008   3000.0 
2007   1860.0 
2008   2133.0 
2008   2330.0 
2008   2500.0 
2009   2260.0 
2010   1860.0 
2010   2130.0 
2010   2266.0 
2009   2400.0 
2009   2533.0 
2009   2667.0 
2009   2933.0 
2009   3067.0 
2009   3200.0 
2009   3200.0 
2009   3333.0 
2010   3333.0 
2009   3200.0 
2009   3330.0 
2007   2133.0 
2007   2400.0 
2007   2660.0 
2008   2500.0 
2008   2666.0 
2008   2666.0 
2008   2833.0 
2008   3000.0 
2009   3167.0 
2009   2400.0 
2009   2533.0 
2009   2667.0 
2009   2800.0 
2009   2933.0 
2009   3067.0 
2007   3333.0 
2008   3500.0 
2007   3400.0 
2006   2666.0 
2007   3000.0 
2007   3000.0 
2007   3166.0 
2008   3333.0 
2007   3000.0 
2007   3200.0 
2009   2670.0 
2009   2800.0 
2009   2933.0 
2010   2670.0 
2010   2800.0 
2010   3060.0 
2010   2930.0 
2010   3460.0 
2010   3330.0 
1996   180.0  
1996   195.0  
1996   196.0  
1996   200.0  
1996   250.0  
1986   16.0   
1988   40.0   
1992   100.0  
1995   240.0  
1994   200.0  
1995   250.0  
1992   100.0  
1992   150.0  
1992   175.0  
1992   200.0  
1993   100.0  
1994   133.0  
1994   150.0  
1994   133.0  
1996   150.0  
1996   180.0  
1996   200.0  
1996   250.0  
1994   75.0   
1994   75.0   
1979   14.0   
1983   14.0   
1984   25.0   
1987   50.0   
1991   33.0   
1994   66.0   
1999   500.0  
2001   733.0  
1994   93.0   
1994   100.0  
1994   125.0  
1995   150.0  
1993   72.0   
1998   270.0  
1998   300.0  
1998   350.0  
1998   360.0  
2000   400.0  
1991   50.0   
1992   40.0   
1992   50.0   
1992   60.0   
1995   75.0   
1995   90.0   
1995   143.0  
1995   167.0  
1995   200.0  
1995   248.0  
1995   296.0  
2000   600.0  
2000   750.0  
2000   900.0  
2005   1400.0 
2007   1400.0 
1976   2.5    
2010   1800.0 
2012   2700.0 
2012   3300.0 
2012   3500.0 
2014   3200.0 
2013   3900.0 
2014   3400.0 
2014   3200.0 
